00000000000000000000000000000000
00000000000000000000000000000000
00000000000000000000000000000000
00000000100000000000000000000000
00000000000000000000000000000000
00100000000000000000000000000000
00000000000000000000010000000000
00000001000000000000000000000000
00000000000000000000000000000000
00000000000000000010000000000000
00000000000000000000010100000000
00010000000000010000000000000000
00000001000000000000000000000000
00000000000000000000001000000000
00000000000000010000000000000000
00000000000000000000100000000000
00000000000000000000000100000000
00001000000001000000100000000000
00000000000000000000000000000000
00000000000000100000000000000000
00000000000000000000000000000000
00000000000000001000000000000000
00000000000000000000001001000000
00000000000000000000000000000000
00000000000000000000000000000000
00000000010000000000000000000000
00000000000000000000000000000000
00000000000000000000000000000000
00000000000010000000001000000000
00000000000000010000000000000000
00000000000000000000000000000000
00000000000000000000000000000000
