00000000000000000000000000000000
00000000000000000000000000000000
00000000000000000000000000000000
00000000000001000000000000000000
00000000000000000000100000000000
00000010000000000000000000000000
00000000000000000000000000000000
00000000000000000000000000000000
00000000000100001000001000000000
00000000000000000000000000000000
00000010000000000000000000000000
00000000000000000000000000000000
00000000010000100000000000000000
00000000000000000000001000000000
00000000000000000000000000000000
00000000000000000000000000000000
00000000000000000000000000000000
00000000000100000000000000000000
00000000000001000100000001000000
00000000000000000000000000000000
00000000000000000000000000000000
00100000000000000000000000000000
00000000000000000000000000000000
00000000100000000000010000000000
00000000000000000000000000000000
00000000000000000000000000000000
00000000000000000000000000000000
00000000000000000000000000000000
00000000000000000000000000000000
00000000000000000000000000000000
00000000000000000000000000000000
00000000000000000000000000000000
