00000000000000000000000000000000
00000000000000000000000000000000
00000000000000000000000000000000
00000000000000000000000000000000
00000000000000000000000000000000
00000000010001000000000000000000
00000000000000000000000000000000
00000010000000000100000000000000
00000000000000000000000000000000
00000000000000000000000000000000
00000000001000000000100000000000
00000100000000000000000000000000
00000000000100000000000000000000
00000000000000000000000000000000
00000000000000000000010000000000
00000000000000000000000000000000
00000001000000000000000000000000
00000000000000010000100000000000
00000000000000000000000000000000
00000000000000000000000000000000
00000000000000000000000000000000
00000000000010000000000000000000
00000000000000000001000000000000
00000000000000000000000100000000
00000000000000000000000000000000
00000000000000000000000000000000
00000000000000000000000000000000
00000000000000000000000000000000
00000000000000000000000000000000
00000000000000000000000000000000
00000000000000000000000000000000
00000000000000000000000000000000
